11
NULL 0 NULL 0
Joined 0 0,255,0,255,0,0,0,0,0,0 NULL 0 0 0 	# Joined [4a 6f 69 6e 65 64 ]
|Broken|0|1 0 0,255,0,255,0,0,0,0,0,0 NULL 0 0 0 	# Broken
鍋 1 0,255,0,255,0,0,0,0,0,0 NULL 3 0 0 	# 鍋 [934b ]x
上 1 0,255,0,255,0,0,0,0,0,0 NULL 4 0 0 	# 上 [4e0a ]x
官 1 0,255,0,255,0,0,0,0,0,0 NULL 5 0 0 	# 官 [5b98 ]x
木 1 0,255,0,255,0,0,0,0,0,0 NULL 6 0 0 	# 木 [6728 ]x
桶 1 0,255,0,255,0,0,0,0,0,0 NULL 7 0 0 	# 桶 [6876 ]x
公 1 0,255,0,255,0,0,0,0,0,0 NULL 8 0 0 	# 公 [516c ]x
工 1 0,255,0,255,0,0,0,0,0,0 NULL 9 0 0 	# 工 [5de5 ]x
商 1 0,255,0,255,0,0,0,0,0,0 NULL 10 0 0 	# 商 [5546 ]x
